(Emydura_su:0.02236,(((Emydura_vi:0.00014,Emydura_vi:0.00104):0.01137,
Emydura_ma:0.01893):0.04615,((Emydura_ta:0.00170,Emydura_su:0.00308):0.00053,
Emydura_ta:0.00306):0.03241):0.00798,Emydura_su:0.01676);
